Naive: 6.11201 seconds
Dynamic Programming: 66.7706 seconds
StereoBM: 0.0185488 seconds
