Naive: 5.53724 seconds
Dynamic Programming: 62.0838 seconds
StereoBM: 0.0182625 seconds
