Naive: 5.51691 seconds
Dynamic Programming: 60.8273 seconds
StereoBM: 0.0214524 seconds
