Naive: 5.14197 seconds
Dynamic Programming: 59.9091 seconds
StereoBM: 0.0231058 seconds
