Naive: 5.13353 seconds
Dynamic Programming: 57.0009 seconds
StereoBM: 0.0215785 seconds
