Naive: 5.57074 seconds
Dynamic Programming: 55.0421 seconds
StereoBM: 0.0153002 seconds
