Naive: 5.51653 seconds
Dynamic Programming: 54.8746 seconds
StereoBM: 0.0126884 seconds
