Naive: 6.03619 seconds
Dynamic Programming: 61.9746 seconds
StereoBM: 0.0171037 seconds
