Naive: 5.65509 seconds
Dynamic Programming: 64.2947 seconds
StereoBM: 0.0180535 seconds
