Naive: 5.66017 seconds
Dynamic Programming: 68.7297 seconds
StereoBM: 0.0251971 seconds
