Naive: 5.71778 seconds
Dynamic Programming: 59.2043 seconds
StereoBM: 0.0213737 seconds
