Naive: 5.51716 seconds
Dynamic Programming: 66.8666 seconds
StereoBM: 0.0183676 seconds
