Naive: 5.84601 seconds
Dynamic Programming: 65.4436 seconds
StereoBM: 0.0183521 seconds
