Naive: 6.55076 seconds
Dynamic Programming: 65.2467 seconds
StereoBM: 0.0182367 seconds
