Naive: 6.08627 seconds
Dynamic Programming: 66.4294 seconds
StereoBM: 0.0143355 seconds
