Naive: 7.17128 seconds
Dynamic Programming: 72.6422 seconds
StereoBM: 0.0202639 seconds
