Naive: 5.92924 seconds
Dynamic Programming: 72.8769 seconds
StereoBM: 0.0201293 seconds
