Naive: 6.06284 seconds
Dynamic Programming: 66.8549 seconds
StereoBM: 0.0182709 seconds
